[gd_scene load_steps=9 format=2]

[ext_resource path="res://Blender/FPhands animations.gd" type="Script" id=1]
[ext_resource path="res://Blender/FPhands animations.glb" type="PackedScene" id=2]

[sub_resource type="AnimationNodeAnimation" id=3]
animation = "Reload_gun1"

[sub_resource type="AnimationNodeAnimation" id=4]
animation = "Shoot_gun1"

[sub_resource type="AnimationNodeAnimation" id=1]
animation = "Idle_gun1"

[sub_resource type="AnimationNodeOneShot" id=5]

[sub_resource type="AnimationNodeOneShot" id=6]

[sub_resource type="AnimationNodeBlendTree" id=2]
graph_offset = Vector2( -36, -18.75 )
nodes/Animation/node = SubResource( 1 )
nodes/Animation/position = Vector2( 60, 0 )
"nodes/Animation 2/node" = SubResource( 3 )
"nodes/Animation 2/position" = Vector2( 60, 140 )
"nodes/Animation 3/node" = SubResource( 4 )
"nodes/Animation 3/position" = Vector2( 300, 220 )
nodes/OneShot/node = SubResource( 6 )
nodes/OneShot/position = Vector2( 420, 20 )
"nodes/OneShot 2/node" = SubResource( 5 )
"nodes/OneShot 2/position" = Vector2( 680, 40 )
nodes/output/position = Vector2( 900, 0 )
node_connections = [ "output", 0, "OneShot 2", "OneShot", 0, "Animation", "OneShot", 1, "Animation 2", "OneShot 2", 0, "OneShot", "OneShot 2", 1, "Animation 3" ]

[node name="FPhands animations" instance=ExtResource( 2 )]
script = ExtResource( 1 )

[node name="Skeleton3D" parent="Armature_Arms" index="0"]
bones/3/bound_children = [ NodePath("BoneAttachment3D") ]

[node name="BoneAttachment3D" parent="Armature_Arms/Skeleton3D" index="0"]
transform = Transform3D( -0.997467, -0.0711311, 0.000300393, -0.00530672, 0.0702033, -0.997519, 0.0709334, -0.994994, -0.0704027, 0.208804, 1.64506, -0.382799 )

[node name="Trigger_bone" parent="Armature_Arms/Skeleton3D/BoneAttachment3D/Armature_Gun/Base_bone" index="0"]
transform = Transform3D( -0.719648, -0.694339, -2.8019e-06, 0.694339, -0.719648, 1.44351e-06, -3.01867e-06, -9.06655e-07, 1, -0.141371, 0.715085, 1.35984e-07 )

[node name="Receiver_bone" parent="Armature_Arms/Skeleton3D/BoneAttachment3D/Armature_Gun/Base_bone" index="1"]
transform = Transform3D( 1.19209e-07, -0.80955, 0.587051, -5.96046e-08, 0.587051, 0.80955, -1, -5.96046e-08, 0, 0.00128189, 0.879338, 9.83824e-08 )

[node name="Cover_bone" parent="Armature_Arms/Skeleton3D/BoneAttachment3D/Armature_Gun/Base_bone" index="2"]
transform = Transform3D( 0.595572, -0.803302, -3.65953e-07, 0.803302, 0.595572, -8.03979e-08, 2.82535e-07, -2.46087e-07, 1, -0.0346644, 0.906917, -0.0514077 )

[node name="Camera2" type="Camera3D" parent="." index="3"]
transform = Transform3D( 1, 0, 0, 0, 1, 0, 0, 0, 1, 0, 1.93872, 0 )

[node name="AnimationTree" type="AnimationTree" parent="." index="4"]
tree_root = SubResource( 2 )
anim_player = NodePath("../AnimationPlayer")
active = true
parameters/OneShot/active = false
"parameters/OneShot 2/active" = false
